DoneDoneDoneDoneDoneDoneDoneDoneDoneDoneDoneDoneDoneDoneDoneDoneDoneDoneDoneDoneDoneDoneDoneDoneDoneDoneDoneDoneDoneDoneDoneDoneDoneDoneDoneDoneDoneDoneDoneDoneDoneDoneDoneDoneDoneDoneDoneDoneDoneDoneDoneDoneDoneDoneDoneDoneDoneDoneDoneDoneDoneDoneDoneDoneDoneDoneDoneDoneDoneDoneDoneDoneDoneDoneDoneDoneDoneDoneDoneDone